-25623.0
-23990.0
-22372.0
-21438.0
-44954.0
-15858.0
-23303.0
-34074.0
-24870.0
-22895.0
-25729.0
-16142.0
-26990.0
-18421.0
-14355.0
-19337.0
-19769.0
-21634.0
-21430.0
-21424.0
-16091.0
-16368.0
-16747.0
-18292.0
-15530.0
-17264.0
-14303.0
-13458.0
-13222.0
-12367.0
-16583.0
-10358.0
-11296.0
-11253.0
-11579.0
-13757.0
-12383.0
-11807.0
-11868.0
-13116.0
-9777.0
-11510.0
-11509.0
-9666.0
-9669.0
-10066.0
-15919.0
-9702.0
-12707.0
-10294.0
-8870.0
-9021.0
-9677.0
-8121.0
-10135.0
-9704.0
-9641.0
-11008.0
-8530.0
-8853.0
-7080.0
-8886.0
-8404.0
-9470.0
-7217.0
-7276.0
-6772.0
-7294.0
-7027.0
-7771.0
-7520.0
-7131.0
-7207.0
-8452.0
-6430.0
-8234.0
-6459.0
-5436.0
-6355.0
-6918.0
-6750.0
-7533.0
-5802.0
-7891.0
-5297.0
-5686.0
-5942.0
-6627.0
-5570.0
-6110.0
-4812.0
-5610.0
-4898.0
-6655.0
-5394.0
-5223.0
-5392.0
-5506.0
-5209.0
-4539.0
