7.114259259259259
6.59462962962963
6.377962962962963
6.118518518518519
11.328703703703704
4.829814814814815
6.71037037037037
9.123888888888889
6.859814814814815
6.490555555555556
7.164074074074074
4.883703703703704
7.3187037037037035
5.4238888888888885
4.772777777777778
6.000925925925926
5.672592592592593
6.059074074074074
6.24574074074074
6.426111111111111
4.901111111111111
5.222962962962963
5.538518518518519
5.414074074074074
4.779444444444445
5.4403703703703705
4.643148148148148
4.351481481481481
4.42537037037037
4.020925925925926
4.997407407407407
3.7688888888888887
3.84
3.9048148148148147
3.941666666666667
4.759814814814815
4.138703703703704
3.9314814814814816
4.1540740740740745
4.583333333333333
3.6440740740740742
3.992777777777778
3.907962962962963
3.4503703703703703
3.4346296296296295
3.7285185185185186
4.935185185185185
3.581111111111111
4.193148148148148
3.627407407407407
3.4831481481481483
3.3022222222222224
3.3724074074074073
3.265925925925926
3.9898148148148147
3.401666666666667
3.6574074074074074
3.724814814814815
3.359814814814815
3.5716666666666668
3.292037037037037
3.356851851851852
3.171851851851852
3.3075925925925924
2.935
2.932962962962963
2.8612962962962962
2.825
2.9392592592592592
3.158333333333333
3.0366666666666666
2.7731481481481484
2.971296296296296
3.1803703703703703
2.663148148148148
3.002222222222222
2.6751851851851853
2.58
2.783888888888889
2.8985185185185185
3.2653703703703703
2.9024074074074075
2.5237037037037036
3.1655555555555557
2.464259259259259
2.8594444444444442
2.8114814814814815
2.7135185185185184
2.622037037037037
2.640185185185185
2.497592592592593
2.5244444444444443
2.308333333333333
2.836851851851852
2.431111111111111
2.337037037037037
2.4714814814814816
2.6424074074074073
2.932962962962963
2.122592592592593
