38417
35611
34441
33040
61175
26081
36236
49269
37043
35049
38686
26372
39521
29289
25773
32405
30632
32719
33727
34701
26466
28204
29908
29236
25809
29378
25073
23498
23897
21713
26986
20352
20736
21086
21285
25703
22349
21230
22432
24750
19678
21561
21103
18632
18547
20134
26650
19338
22643
19588
18809
17832
18211
17636
21545
18369
19750
20114
18143
19287
17777
18127
17128
17861
15849
15838
15451
15255
15872
17055
16398
14975
16045
17174
14381
16212
14446
13932
15033
15652
17633
15673
13628
17094
13307
15441
15182
14653
14159
14257
13487
13632
12465
15319
13128
12620
13346
14269
15838
11462
